factor  X  Y
0	0 x 0
1	16 x 9
2	32 x 18
3	48 x 27
4	64 x 36
5	80 x 45
6	96 x 54
7	112 x 63
8	128 x 72
9	144 x 81
10	160 x 90
11	176 x 99
12	192 x 108
13	208 x 117
14	224 x 126
15	240 x 135
16	256 x 144
17	272 x 153
18	288 x 162
19	304 x 171
20	320 x 180
21	336 x 189
22	352 x 198
23	368 x 207
24	384 x 216
25	400 x 225
26	416 x 234
27	432 x 243
28	448 x 252
29	464 x 261
30	480 x 270
31	496 x 279
32	512 x 288
33	528 x 297
34	544 x 306
35	560 x 315
36	576 x 324
37	592 x 333
38	608 x 342
39	624 x 351
40	640 x 360
41	656 x 369
42	672 x 378
43	688 x 387
44	704 x 396
45	720 x 405
46	736 x 414
47	752 x 423
48	768 x 432
49	784 x 441
50	800 x 450
51	816 x 459
52	832 x 468
53	848 x 477
54	864 x 486
55	880 x 495
56	896 x 504
57	912 x 513
58	928 x 522
59	944 x 531
60	960 x 540
61	976 x 549
62	992 x 558
63	1008 x 567
64	1024 x 576
65	1040 x 585
66	1056 x 594
67	1072 x 603
68	1088 x 612
69	1104 x 621
70	1120 x 630
71	1136 x 639
72	1152 x 648
73	1168 x 657
74	1184 x 666
75	1200 x 675
76	1216 x 684
77	1232 x 693
78	1248 x 702
79	1264 x 711
80	1280 x 720   // first res of asp 16/9 that my display supports (in Displaymode/Fullscreen)
81	1296 x 729
82	1312 x 738
83	1328 x 747
84	1344 x 756
85	1360 x 765
86	1376 x 774
87	1392 x 783
88	1408 x 792
89	1424 x 801
90	1440 x 810
91	1456 x 819
92	1472 x 828
93	1488 x 837
94	1504 x 846
95	1520 x 855
96	1536 x 864
97	1552 x 873
98	1568 x 882
99	1584 x 891
100	1600 x 900
101	1616 x 909
102	1632 x 918
103	1648 x 927
104	1664 x 936
105	1680 x 945
106	1696 x 954
107	1712 x 963
108	1728 x 972
109	1744 x 981
110	1760 x 990
111	1776 x 999
112	1792 x 1008
113	1808 x 1017
114	1824 x 1026
115	1840 x 1035
116	1856 x 1044
117	1872 x 1053
118	1888 x 1062
119	1904 x 1071
120	1920 x 1080
